rec2 <- c(100014,10007,
100606,
100988,
101594,
101607,
101655,
101887,
102031,
102108,
102716,
10281,
102818,
102859,
102945,
103028,
103072,
10318,
103622,
103647,
103695,
103703,
103832,
103893,
103953,
104156,
104201,
104658,
104895,
10514,
105300,
105485,
105678,
106214,
106275,
10759,
107676,
107846,
108176,
108703,
108915,
109008,
109315,
109382,
109390,
109675,
109982,
110239,
110419,
110622,
11111,
11112,
111139,
111232,
111530,
111702,
111794,
112017,
112219,
11230,
112524,
112598,
112644,
112723,
112766,
113124,
113146,
11363,
113779,
114424,
11445,
114503,
114790,
115340,
115352,
115400,
115949,
115953,
116280,
116465,
116505,
116802,
116809,
11689,
117203,
117476,
117487,
117862,
118028,
11822,
11824,
118548,
118646,
118765,
119008,
119073,
11926,
119543,
119841,
11992,
120159,
120262,
120398,
120600,
120792,
121090,
121177,
121223,
121442,
12151,
121517,
121557,
121873,
121987,
122026,
122076,
122229,
122380,
122621,
122651,
122692,
122718,
122723,
122737,
122763,
122870,
123205,
123431,
123722,
123860,
124394,
124559,
124793,
124798,
125039,
125099,
125156,
125202,
125502,
12553,
125676,
125709,
125843,
125906,
126159,
126213,
126217,
126220,
126444,
12649,
126739,
126778,
126794,
126942,
127265,
127470,
127805,
128013,
128033,
128049,
128060,
128104,
128208,
128263,
128390,
12892,
129006,
129008,
12921,
12930,
12933,
129535,
129987,
130024,
130031,
13019,
130473,
13049,
130739,
130840,
131836,
132003,
132008,
132342,
132614,
132814,
133094,
133128,
133223,
133605,
133851,
13411,
134119,
134243,
135102,
135157,
135360,
135847,
135977,
136003,
136260,
13647,
136951,
136980,
137204,
137603,
137689,
137697,
137947,
137965,
1386,
138767,
138933,
139039,
139051,
139291,
139610,
139691,
139737,
139760,
139956,
140385,
140459,
140839,
140875,
141044,
141090,
141288,
1416,
141871,
142067,
142134,
142305,
142352,
142381,
142560,
143218,
144084,
144247,
144299,
144345,
144419,
144630,
144875,
144899,
145015,
145151,
145428,
145498,
145592,
145771,
145981,
146232,
146239,
146299,
146629,
146833,
146848,
146870,
146990,
147265,
147566,
147807,
147814,
148182,
14825,
148290,
148400,
148724,
148982,
149030,
149327,
149481,
149536,
150073,
150742,
151003,
151043,
151106,
151368,
151666,
15178,
152079,
152120,
152144,
15240,
152441,
152515,
152560,
152726,
152830,
152988,
153100,
153200,
153244,
153420,
153607,
153622,
154057,
154414,
154439,
154757,
154896,
155037,
155448,
155721,
156380,
156667,
156693,
157071,
157087,
157161,
15729,
157301,
157605,
157620,
158231,
158481,
158550,
158709,
159268,
159420,
159449,
15960,
159723,
160251,
160339,
160391,
160440,
160580,
160702,
160714,
160921,
160927,
160965,
16137,
161407,
161534,
161821,
161894,
162044,
162171,
162376,
162411,
162507,
162512,
162559,
163163,
163237,
163379,
163456,
163610,
163728,
164190,
164216,
164295,
164648,
165105,
16519,
165372,
165701,
165742,
165918,
165919,
166107,
166379,
166532,
166804,
167451,
167599,
167667,
167727,
168761,
169344,
169433,
169705,
169723,
170412,
170651,
170991,
171158,
171475,
171621,
172082,
172125,
172549,
172581,
172654,
173231,
173407,
173476,
173727,
173743,
174027,
174455,
174903,
175244,
175431,
175457,
175459,
176210,
176302,
176532,
176674,
176738,
176860,
176945,
177108,
177151,
177155,
177236,
177342,
177369,
17824,
178499,
178503,
178761,
178795,
179171,
179238,
179314,
179547,
180365,
18053,
180574,
180588,
181933,
182159,
182160,
182264,
182272,
182367,
182387,
182840,
182931,
183115,
183668,
183702,
183812,
183855,
184131,
184346,
184436,
184721,
184843,
184857,
185013,
185292,
185591,
186737,
186780,
186919,
187525,
187687,
187864,
18824,
188257,
189171,
189220,
189312,
189671,
189693,
190575,
190599,
190643,
190717,
190865,
190914,
190999,
191308,
191735,
191952,
192068,
192131,
192240,
192265,
192475,
192688,
192790,
192918,
193083,
193380,
194024,
194053,
194136,
194523,
194621,
194665,
194688,
194871,
195028,
195618,
195872,
196086,
196209,
196212,
196525,
196660,
197056,
197334,
197430,
197525,
197672,
197831,
197842,
197878,
197904,
198132,
198262,
198307,
198730,
198788,
198977,
198979,
199101,
19915,
19931,
199354,
199359,
199591,
199773,
20007,
200367,
200536,
200926,
200930,
201150,
201700,
201823,
201907,
201988,
202001,
202029,
202404,
202516,
202868,
203108,
203216,
203344,
203392,
203633,
203891,
203892,
204104,
204173,
204323,
204539,
204802,
204834,
204849,
205258,
205482,
205749,
205923,
206161,
206339,
206367,
206915,
207022,
207214,
207350,
207404,
207674,
207839,
207841,
208063,
208625,
208819,
208842,
209215,
209295,
209692,
209719,
209922,
210079,
2104,
210675,
210787,
21145,
21154,
211840,
211883,
211937,
212116,
212236,
212389,
212701,
212762,
212939,
212997,
21304,
213255,
213386,
213533,
213783,
213849,
213885,
213959,
214471,
214545,
214669,
214869,
215169,
215201,
215313,
215350,
215571,
215744,
215754,
215771,
215872,
215982,
21607,
216120,
216159,
216177,
216965,
217624,
217646,
217681,
218131,
218157,
218593,
219053,
219182,
219207,
219835,
220026,
220059,
220132,
220157,
220732,
221025,
221113,
221148,
221166,
221197,
22173,
22182,
221850,
221897,
221909,
222010,
22207,
223020,
223126,
223162,
223187,
223379,
223438,
223810,
224034,
224150,
224155,
224205,
224347,
224623,
225127,
225248,
225751,
225777,
22585,
22588,
226037,
226257,
22634,
227056,
227382,
227507,
227639,
22798,
22955,
23059,
23090,
23171,
23399,
23665,
23854,
23863,
23881,
25029,
25094,
25305,
25372,
25413,
2550,
25673,
2592,
26031,
26067,
2622,
26395,
26812,
27037,
27459,
27700,
27801,
27965,
28118,
2835,
28462,
2847,
28603,
28699,
28849,
29309,
29654,
29683,
29753,
29828,
29860,
30479,
30968,
31291,
31303,
31422,
31686,
31826,
32151,
3233,
32486,
34523,
34537,
34855,
35334,
35780,
3600,
36077,
36156,
36414,
36730,
37272,
37528,
37588,
37881,
38218,
3825,
38493,
38535,
38581,
38755,
3916,
39247,
39413,
39445,
40034,
40052,
40166,
40469,
40506,
40565,
4064,
40663,
40979,
41200,
4147,
4201,
42124,
42266,
42524,
42530,
42581,
42783,
4279,
4320,
43284,
433,
43432,
43468,
43514,
43753,
43880,
43973,
44276,
44425,
44547,
44949,
44950,
44953,
44965,
45001,
45012,
4508,
45087,
45263,
45460,
46016,
46845,
47068,
47072,
47242,
4768,
48022,
48121,
48194,
48358,
48416,
48468,
48877,
48977,
49034,
49419,
49531,
49679,
49935,
50039,
50040,
50295,
50362,
50632,
51075,
5135,
51476,
51529,
51644,
51954,
52115,
52260,
52300,
52444,
52476,
52486,
52801,
529,
5302,
53053,
53063,
53141,
53143,
5315,
53181,
53223,
53433,
53682,
54022,
54764,
548,
54867,
55146,
55309,
55474,
55557,
55581,
5700,
5724,
57310,
57439,
57819,
57840,
57902,
5800,
58140,
58602,
58636,
58638,
58660,
59119,
59318,
59342,
59483,
59537,
59842,
59876,
60415,
60674,
60842,
6102,
61077,
61292,
61547,
61557,
61750,
61799,
61940,
61946,
62049,
6210,
6219,
62345,
62504,
62590,
62642,
62711,
63007,
63124,
63395,
64047,
64062,
64065,
64395,
64403,
6451,
64797,
65006,
65985,
66164,
66179,
67523,
67544,
67724,
67740,
6793,
68122,
68151,
68215,
68479,
68527,
68696,
68969,
6906,
69104,
69289,
69312,
6941,
69854,
70574,
70783,
70919,
70944,
71003,
71098,
71310,
71593,
71861,
71924,
72411,
72530,
72758,
72833,
72973,
73103,
73223,
73269,
73302,
73340,
73733,
73845,
74006,
74277,
74457,
74815,
7519,
7534,
75366,
75755,
75768,
77440,
77595,
77601,
77920,
78347,
78579,
78696,
7931,
79490,
79661,
79710,
79863,
79936,
80037,
8006,
80147,
80880,
80980,
81134,
81331,
81817,
81951,
82873,
82890,
82926,
83204,
83260,
83394,
83435,
83583,
8406,
84100,
84177,
84240,
8437,
84408,
84628,
84673,
84739,
85144,
85206,
85278,
85446,
85513,
85936,
85965,
85970,
86328,
86389,
86451,
86524,
87098,
87196,
87617,
87708,
87867,
8855,
88628,
88732,
8874,
88780,
88891,
88994,
89474,
89605,
89622,
89837,
89885,
90,
90275,
90730,
90972,
9106,
91148,
91195,
9131,
91548,
9176,
91847,
92043,
92046,
92216,
92289,
92695,
92816,
92831,
93021,
93309,
93316,
93411,
94622,
94710,
95200,
95210,
95482,
95596,
95809,
95906,
95976,
96157,
96206,
9623,
96231,
96375,
96396,
96471,
96622,
97412,
97441,
97495,
97916,
97935,
98013,
98493,
99319,
99722,
99771)

idl2$Id (found in oeis but not by algorithm)
   [1]     90    433    529    548   1386   1416   2104   2550   2592   2622   2835   2847   3233   3600   3825   3916   4064   4147   4201   4279   4320   4508   4768   5135   5302   5315
  [27]   5700   5724   5800   6102   6210   6219   6451   6793   6906   6941   7519   7534   7931   8006   8406   8437   8855   8874   9106   9131   9176   9623  10007  10281  10318  10514
  [53]  10759  11111  11112  11230  11363  11445  11689  11822  11824  11926  11992  12151  12553  12649  12892  12921  12930  12933  13019  13049  13411  13647  14825  15178  15240  15729
  [79]  15960  16137  16519  17824  18053  18824  19915  19931  20007  21145  21154  21304  21607  22173  22182  22207  22585  22588  22634  22798  22955  23059  23090  23171  23399  23665
 [105]  23854  23863  23881  25029  25094  25305  25372  25413  25673  26031  26067  26395  26812  27037  27459  27700  27801  27965  28118  28462  28603  28699  28849  29309  29654  29683
 [131]  29753  29828  29860  30479  30968  31291  31303  31422  31686  31826  32151  32486  34523  34537  34855  35334  35780  36077  36156  36414  36730  37272  37528  37588  37881  38218
 [157]  38493  38535  38581  38755  39247  39413  39445  40034  40052  40166  40469  40506  40565  40663  40979  41200  42124  42266  42524  42530  42581  42783  43284  43432  43468  43514
 [183]  43753  43880  43973  44276  44425  44547  44949  44950  44953  44965  45001  45012  45087  45263  45460  46016  46845  47068  47072  47242  48022  48121  48194  48358  48416  48468
 [209]  48877  48977  49034  49419  49531  49679  49935  50039  50040  50295  50362  50632  51075  51476  51529  51644  51954  52115  52260  52300  52444  52476  52486  52801  53053  53063
 [235]  53141  53143  53181  53223  53433  53682  54022  54764  54867  55146  55309  55474  55557  55581  57310  57439  57819  57840  57902  58140  58602  58636  58638  58660  59119  59318
 [261]  59342  59483  59537  59842  59876  60415  60674  60842  61077  61292  61547  61557  61750  61799  61940  61946  62049  62345  62504  62590  62642  62711  63007  63124  63395  64047
 [287]  64062  64065  64395  64403  64797  65006  65985  66164  66179  67523  67544  67724  67740  68122  68151  68215  68479  68527  68696  68969  69104  69289  69312  69854  70574  70783
 [313]  70919  70944  71003  71098  71310  71593  71861  71924  72411  72530  72758  72833  72973  73103  73223  73269  73302  73340  73733  73845  74006  74277  74457  74815  75366  75755
 [339]  75768  77440  77595  77601  77920  78347  78579  78696  79490  79661  79710  79863  79936  80037  80147  80880  80980  81134  81331  81817  81951  82873  82890  82926  83204  83260
 [365]  83394  83435  83583  84100  84177  84240  84408  84628  84673  84739  85144  85206  85278  85446  85513  85936  85965  85970  86328  86389  86451  86524  87098  87196  87617  87708
 [391]  87867  88628  88732  88780  88891  88994  89474  89605  89622  89837  89885  90275  90730  90972  91148  91195  91548  91847  92043  92046  92216  92289  92695  92816  92831  93021
 [417]  93309  93316  93411  94622  94710  95200  95210  95482  95596  95809  95906  95976  96157  96206  96231  96375  96396  96471  96622  97412  97441  97495  97916  97935  98013  98493
 [443]  99319  99722  99771 100014 100606 100988 101594 101607 101655 101887 102031 102108 102716 102818 102859 102945 103028 103072 103622 103647 103695 103703 103832 103893 103953 104156
 [469] 104201 104658 104895 105300 105485 105678 106214 106275 107676 107846 108176 108703 108915 109008 109315 109382 109390 109675 109982 110239 110419 110622 111139 111232 111530 111702
 [495] 111794 112017 112219 112524 112598 112644 112723 112766 113124 113146 113779 114424 114503 114790 115340 115352 115400 115949 115953 116280 116465 116505 116802 116809 117203 117476
 [521] 117487 117862 118028 118548 118646 118765 119008 119073 119543 119841 120159 120262 120398 120600 120792 121090 121177 121223 121442 121517 121557 121873 121987 122026 122076 122229
 [547] 122380 122621 122651 122692 122718 122723 122737 122763 122870 123205 123431 123722 123860 124394 124559 124793 124798 125039 125099 125156 125202 125502 125676 125709 125843 125906
 [573] 126159 126213 126217 126220 126444 126739 126778 126794 126942 127265 127470 127805 128013 128033 128049 128060 128104 128208 128263 128390 129006 129008 129535 129987 130024 130031
 [599] 130473 130739 130840 131836 132003 132008 132342 132614 132814 133094 133128 133223 133605 133851 134119 134243 135102 135157 135360 135847 135977 136003 136260 136951 136980 137204
 [625] 137603 137689 137697 137947 137965 138767 138933 139039 139051 139291 139610 139691 139737 139760 139956 140385 140459 140839 140875 141044 141090 141288 141871 142067 142134 142305
 [651] 142352 142381 142560 143218 144084 144247 144299 144345 144419 144630 144875 144899 145015 145151 145428 145498 145592 145771 145981 146232 146239 146299 146629 146833 146848 146870
 [677] 146990 147265 147566 147807 147814 148182 148290 148400 148724 148982 149030 149327 149481 149536 150073 150742 151003 151043 151106 151368 151666 152079 152120 152144 152441 152515
 [703] 152560 152726 152830 152988 153100 153200 153244 153420 153607 153622 154057 154414 154439 154757 154896 155037 155448 155721 156380 156667 156693 157071 157087 157161 157301 157605
 [729] 157620 158231 158481 158550 158709 159268 159420 159449 159723 160251 160339 160391 160440 160580 160702 160714 160921 160927 160965 161407 161534 161821 161894 162044 162171 162376
 [755] 162411 162507 162512 162559 163163 163237 163379 163456 163610 163728 164190 164216 164295 164648 165105 165372 165701 165742 165918 165919 166107 166379 166532 166804 167451 167599
 [781] 167667 167727 168761 169344 169433 169705 169723 170412 170651 170991 171158 171475 171621 172082 172125 172549 172581 172654 173231 173407 173476 173727 173743 174027 174455 174903
 [807] 175244 175431 175457 175459 176210 176302 176532 176674 176738 176860 176945 177108 177151 177155 177236 177342 177369 178499 178503 178761 178795 179171 179238 179314 179547 180365
 [833] 180574 180588 181933 182159 182160 182264 182272 182367 182387 182840 182931 183115 183668 183702 183812 183855 184131 184346 184436 184721 184843 184857 185013 185292 185591 186737
 [859] 186780 186919 187525 187687 187864 188257 189171 189220 189312 189671 189693 190575 190599 190643 190717 190865 190914 190999 191308 191735 191952 192068 192131 192240 192265 192475
 [885] 192688 192790 192918 193083 193380 194024 194053 194136 194523 194621 194665 194688 194871 195028 195618 195872 196086 196209 196212 196525 196660 197056 197334 197430 197525 197672
 [911] 197831 197842 197878 197904 198132 198262 198307 198730 198788 198977 198979 199101 199354 199359 199591 199773 200367 200536 200926 200930 201150 201700 201823 201907 201988 202001
 [937] 202029 202404 202516 202868 203108 203216 203344 203392 203633 203891 203892 204104 204173 204323 204539 204802 204834 204849 205258 205482 205749 205923 206161 206339 206367 206915
 [963] 207022 207214 207350 207404 207674 207839 207841 208063 208625 208819 208842 209215 209295 209692 209719 209922 210079 210675 210787 211840 211883 211937 212116 212236 212389 212701
 [989] 212762 212939 212997 213255 213386 213533 213783 213849 213885 213959 214471 214545 214669 214869 215169 215201 215313 215350 215571 215744 215754 215771 215872 215982 216120 216159
[1015] 216177 216965 217624 217646 217681 218131 218157 218593 219053 219182 219207 219835 220026 220059 220132 220157 220732 221025 221113 221148 221166 221197 221850 221897 221909 222010
[1041] 223020 223126 223162 223187 223379 223438 223810 224034 224150 224155 224205 224347 224623 225127 225248 225751 225777 226037 226257 227056 227382 227507 227639
> 

problem1 : id = 90, expected a(n) = 3*a(n-1) + 8*a(n-2)
0,1,3,17,75,361,1683,7937,37275,175321,824163,3875057,18218475,85655881,402715443,1893393377,8901903675,41852858041,196773803523,925144274897,4349623252875,20450023957801